# 100/100 iterations complete ✅ (339558.49s)
# Results saved to runs/detect/tune
# Best fitness=0.65617 observed at iteration 92
# Best fitness metrics are {'metrics/precision(B)': 0.82178, 'metrics/recall(B)': 0.79972, 'metrics/mAP50(B)': 0.85323, 'metrics/mAP50-95(B)': 0.63428, 'val/box_loss': 0.88346, 'val/cls_loss': 0.72406, 'val/dfl_loss': 1.42686, 'fitness': 0.65617}
# Best fitness model is runs/detect/train92
# Best fitness hyperparameters are printed below.

lr0: 0.00185
lrf: 0.00831
momentum: 0.73085
weight_decay: 0.00058
warmup_epochs: 4.16927
warmup_momentum: 0.95
box: 6.77555
cls: 0.55809
dfl: 2.18839
hsv_h: 0.02593
hsv_s: 0.8782
hsv_v: 0.52397
degrees: 0.0
translate: 0.06504
scale: 0.47825
shear: 0.0
perspective: 0.0
flipud: 0.0
fliplr: 0.11411
bgr: 0.0
mosaic: 0.59625
mixup: 0.0
copy_paste: 0.0
